111
10 199 50
14 171 50
114 131 50
75 55 50
69 50 50
151 19 50
6 72 50
16 111 50
191 208 50
92 64 50
132 233 50
39 88 50
212 15 50
114 108 50
156 153 50
136 144 50
215 96 50
46 7 50
228 70 50
103 83 50
52 211 50
159 187 50
211 195 50
124 139 50
199 53 50
181 132 50
159 17 50
126 7 50
5 225 50
102 134 50
183 78 50
26 81 50
200 188 50
177 239 50
20 211 50
122 169 50
3 191 50
88 64 50
25 212 50
148 30 50
145 136 50
48 186 50
204 236 50
196 207 50
11 115 50
12 120 50
163 96 50
210 13 50
174 34 50
131 70 50
34 75 50
86 204 50
182 59 50
220 76 50
126 97 50
29 125 50
76 32 50
125 104 50
36 38 50
37 47 50
207 120 50
202 166 50
203 47 50
25 181 50
156 16 50
35 227 50
222 81 50
43 154 50
231 22 50
70 88 50
23 122 50
139 100 50
129 29 50
10 211 50
48 169 50
49 94 50
111 188 50
212 39 50
4 8 50
60 173 50
137 201 50
70 227 50
96 67 50
95 114 50
156 130 50
164 129 50
159 152 50
74 208 50
205 40 50
44 34 50
148 196 50
9 76 50
57 163 50
20 220 50
202 55 50
236 118 50
25 148 50
87 49 50
94 197 50
47 38 50
151 15 50
105 50 50
178 166 50
140 98 50
147 204 50
44 186 50
7 19 50
228 1 50
50 182 50
137 33 50
74 117 50
